trade_id,timestamp,stock_symbol,trade_volume,trade_price
AAPL_1,2024-01-01 11:21:49,AAPL,2867,214.818
AAPL_2,2024-01-02 10:44:40,AAPL,102,228.597
AAPL_3,2024-01-03 15:34:45,AAPL,2435,237.922
AAPL_4,2024-01-04 12:25:52,AAPL,1754,225.419
AAPL_5,2024-01-05 15:50:11,AAPL,2402,203.276
AAPL_6,2024-01-06 13:00:04,AAPL,3926,233.884
AAPL_7,2024-01-07 09:16:57,AAPL,3528,234.882
AAPL_8,2024-01-08 15:58:57,AAPL,4794,214.241
AAPL_9,2024-01-09 12:12:06,AAPL,1998,206.391
AAPL_10,2024-01-10 15:06:19,AAPL,2660,242.236
AAPL_11,2024-01-11 15:08:11,AAPL,1772,213.513
AAPL_12,2024-01-12 11:06:29,AAPL,877,241.73
AAPL_13,2024-01-13 10:07:49,AAPL,2140,225.011
AAPL_14,2024-01-14 12:45:53,AAPL,414,220.284
AAPL_15,2024-01-15 09:13:24,AAPL,4035,242.136
AAPL_16,2024-01-16 10:52:24,AAPL,1802,200.136
AAPL_17,2024-01-17 13:54:05,AAPL,4051,236.643
AAPL_18,2024-01-18 09:55:16,AAPL,3134,242.055
AAPL_19,2024-01-19 11:39:57,AAPL,2893,208.517
AAPL_20,2024-01-20 11:19:18,AAPL,1562,221.473
AAPL_21,2024-01-21 14:28:49,AAPL,301,216.076
AAPL_22,2024-01-22 12:19:06,AAPL,4549,237.31
AAPL_23,2024-01-23 14:02:25,AAPL,4659,226.76
AAPL_24,2024-01-24 14:00:08,AAPL,789,249.719
AAPL_25,2024-01-25 11:22:27,AAPL,4516,233.416
AAPL_26,2024-01-26 15:48:15,AAPL,2671,207.881
AAPL_27,2024-01-27 13:53:15,AAPL,4898,211.229
AAPL_28,2024-01-28 13:07:49,AAPL,2623,211.819
AAPL_29,2024-01-29 09:39:09,AAPL,4495,234.169
AAPL_30,2024-01-30 11:13:35,AAPL,878,208.956
AAPL_31,2024-01-31 09:08:44,AAPL,2208,209.677
AAPL_32,2024-02-01 12:39:14,AAPL,4753,225.471
AAPL_33,2024-02-02 11:37:11,AAPL,2872,226.861
AAPL_34,2024-02-03 14:46:07,AAPL,1353,220.164
AAPL_35,2024-02-04 12:04:10,AAPL,1837,220.47
AAPL_36,2024-02-05 12:05:58,AAPL,3673,244.628
AAPL_37,2024-02-06 10:14:51,AAPL,1601,238.835
AAPL_38,2024-02-07 10:12:40,AAPL,4441,237.515
AAPL_39,2024-02-08 12:51:59,AAPL,3706,206.039
AAPL_40,2024-02-09 10:09:33,AAPL,987,223.107
AAPL_41,2024-02-10 10:18:22,AAPL,932,208.494
AAPL_42,2024-02-11 09:39:19,AAPL,4700,225.607
AAPL_43,2024-02-12 13:33:37,AAPL,488,209.931
AAPL_44,2024-02-13 11:38:35,AAPL,1268,219.568
AAPL_45,2024-02-14 10:25:46,AAPL,1600,237.965
AAPL_46,2024-02-15 11:37:38,AAPL,1821,202.388
AAPL_47,2024-02-16 10:42:49,AAPL,2796,233.511
AAPL_48,2024-02-17 10:45:40,AAPL,3747,203.931
AAPL_49,2024-02-18 15:45:32,AAPL,2037,200.917
AAPL_50,2024-02-19 09:55:38,AAPL,819,219.543
AAPL_51,2024-02-20 09:05:40,AAPL,2405,245.476
AAPL_52,2024-02-21 15:53:10,AAPL,2685,221.378
AAPL_53,2024-02-22 14:04:42,AAPL,116,216.59
AAPL_54,2024-02-23 12:15:40,AAPL,4248,245.832
AAPL_55,2024-02-24 10:35:18,AAPL,4705,211.32
AAPL_56,2024-02-25 11:22:35,AAPL,1716,215.277
AAPL_57,2024-02-26 13:43:54,AAPL,4503,223.265
AAPL_58,2024-02-27 14:54:00,AAPL,3775,216.041
AAPL_59,2024-02-28 14:51:57,AAPL,2924,233.286
AAPL_60,2024-02-29 10:02:23,AAPL,1836,210.14
AAPL_61,2024-03-01 15:13:59,AAPL,3513,207.5
AAPL_62,2024-03-02 10:49:04,AAPL,1737,244.15
AAPL_63,2024-03-03 10:03:18,AAPL,2166,231.187
AAPL_64,2024-03-04 14:03:13,AAPL,1501,247.58
AAPL_65,2024-03-05 14:37:45,AAPL,4535,221.922
AAPL_66,2024-03-06 14:23:07,AAPL,2272,249.413
AAPL_67,2024-03-07 09:00:50,AAPL,4753,218.716
AAPL_68,2024-03-08 12:33:25,AAPL,3125,202.735
AAPL_69,2024-03-09 11:42:57,AAPL,3594,246.494
AAPL_70,2024-03-10 14:41:04,AAPL,3010,225.973
AAPL_71,2024-03-11 13:17:54,AAPL,527,222.366
AAPL_73,2024-03-13 14:52:16,AAPL,4878,222.458
AAPL_74,2024-03-14 10:53:08,AAPL,3706,236.275
AAPL_75,2024-03-15 10:26:18,AAPL,1934,231.343
AAPL_76,2024-03-16 15:49:09,AAPL,4978,231.371
AAPL_77,2024-03-17 10:05:20,AAPL,1094,241.46
AAPL_78,2024-03-18 09:52:00,AAPL,142,212.483
AAPL_79,2024-03-19 15:04:07,AAPL,3595,219.839
AAPL_80,2024-03-20 10:31:30,AAPL,1895,226.561
AAPL_81,2024-03-21 15:31:46,AAPL,2119,207.361
AAPL_82,2024-03-22 12:48:13,AAPL,3023,228.326
AAPL_83,2024-03-23 14:51:14,AAPL,4770,243.75
AAPL_84,2024-03-24 14:31:24,AAPL,3579,205.511
AAPL_85,2024-03-25 12:28:03,AAPL,4188,214.51
AAPL_86,2024-03-26 09:35:47,AAPL,870,227.152
AAPL_87,2024-03-27 13:54:59,AAPL,4336,225.181
AAPL_88,2024-03-28 11:24:30,AAPL,3485,237.623
AAPL_89,2024-03-29 15:36:43,AAPL,2170,242.871
AAPL_90,2024-03-30 12:26:48,AAPL,4169,225.129
AAPL_91,2024-03-31 15:11:42,AAPL,1783,201.344
AAPL_92,2024-04-01 13:46:00,AAPL,1271,213.154
AAPL_93,2024-04-02 14:43:26,AAPL,715,214.688
AAPL_94,2024-04-03 15:50:28,AAPL,1346,217.002
AAPL_95,2024-04-04 14:13:15,AAPL,4725,244.345
AAPL_96,2024-04-05 14:25:56,AAPL,2741,228.543
AAPL_98,2024-04-07 13:28:22,AAPL,3436,213.757
AAPL_99,2024-04-08 13:41:35,AAPL,747,245.556
AAPL_100,2024-04-09 13:15:19,AAPL,1708,238.187
AAPL_101,2024-04-10 11:50:19,AAPL,1296,242.829
AAPL_102,2024-04-11 09:05:01,AAPL,1448,210.688
AAPL_103,2024-04-12 13:11:05,AAPL,1595,212.634
AAPL_104,2024-04-13 09:30:51,AAPL,1843,240.646
AAPL_105,2024-04-14 12:54:21,AAPL,2554,225.538
AAPL_106,2024-04-15 09:58:34,AAPL,4406,234.754
AAPL_107,2024-04-16 09:33:43,AAPL,1354,245.554
AAPL_108,2024-04-17 09:10:12,AAPL,2909,214.954
AAPL_109,2024-04-18 11:27:17,AAPL,767,213.002
AAPL_110,2024-04-19 09:19:45,AAPL,3347,218.284
AAPL_111,2024-04-20 10:45:06,AAPL,3833,204.093
AAPL_112,2024-04-21 13:00:16,AAPL,3045,229.347
AAPL_113,2024-04-22 09:33:02,AAPL,2013,232.637
AAPL_114,2024-04-23 13:48:59,AAPL,157,248.369
AAPL_115,2024-04-24 13:39:40,AAPL,4302,214.669
AAPL_116,2024-04-25 14:33:16,AAPL,1524,221.043
AAPL_117,2024-04-26 10:04:11,AAPL,4279,236.818
AAPL_118,2024-04-27 10:45:28,AAPL,2005,223.605
AAPL_119,2024-04-28 13:28:32,AAPL,961,223.501
AAPL_120,2024-04-29 10:34:03,AAPL,4678,239.145
AAPL_121,2024-04-30 09:00:33,AAPL,3014,229.507
AAPL_123,2024-05-02 12:35:02,AAPL,4073,242.806
AAPL_124,2024-05-03 13:50:37,AAPL,858,217.915
AAPL_125,2024-05-04 10:25:35,AAPL,1105,200.117
AAPL_126,2024-05-05 15:53:21,AAPL,1764,202.962
AAPL_127,2024-05-06 15:11:02,AAPL,350,217.447
AAPL_128,2024-05-07 09:49:57,AAPL,4683,237.172
AAPL_129,2024-05-08 15:25:46,AAPL,292,210.46
AAPL_130,2024-05-09 14:13:13,AAPL,4666,203.284
AAPL_131,2024-05-10 12:53:07,AAPL,4108,224.13
AAPL_132,2024-05-11 14:52:52,AAPL,1991,245.3
AAPL_133,2024-05-12 13:41:29,AAPL,1942,211.542
AAPL_134,2024-05-13 15:52:29,AAPL,1339,237.816
AAPL_135,2024-05-14 11:15:00,AAPL,4644,222.749
AAPL_136,2024-05-15 10:31:33,AAPL,3654,214.634
AAPL_137,2024-05-16 13:38:13,AAPL,1384,236.462
AAPL_138,2024-05-17 09:16:53,AAPL,3543,200.863
AAPL_139,2024-05-18 13:13:28,AAPL,3958,241.302
AAPL_140,2024-05-19 09:48:40,AAPL,1594,241.038
AAPL_141,2024-05-20 10:59:22,AAPL,2787,223.475
AAPL_142,2024-05-21 11:42:38,AAPL,1505,233.342
AAPL_143,2024-05-22 11:15:16,AAPL,1298,228.816
AAPL_144,2024-05-23 14:24:02,AAPL,1478,227.645
AAPL_145,2024-05-24 13:04:39,AAPL,4502,240.417
AAPL_146,2024-05-25 09:44:02,AAPL,125,239.366
AAPL_147,2024-05-26 14:08:36,AAPL,1813,221.398
AAPL_148,2024-05-27 14:17:37,AAPL,2379,215.896
AAPL_149,2024-05-28 15:34:06,AAPL,4933,210.324
AAPL_150,2024-05-29 09:47:51,AAPL,1761,217.43
AAPL_151,2024-05-30 14:26:17,AAPL,439,248.734
AAPL_152,2024-05-31 10:16:57,AAPL,4092,209.504
AAPL_153,2024-06-01 12:09:47,AAPL,2942,208.225
AAPL_154,2024-06-02 15:20:08,AAPL,4666,223.682
AAPL_155,2024-06-03 13:26:00,AAPL,3714,235.238
AAPL_156,2024-06-04 14:14:34,AAPL,2233,213.422
AAPL_157,2024-06-05 15:52:40,AAPL,2386,205.667
AAPL_158,2024-06-06 14:22:02,AAPL,2178,225.257
AAPL_159,2024-06-07 13:32:17,AAPL,4795,225.895
AAPL_160,2024-06-08 13:47:40,AAPL,2007,237.228
AAPL_161,2024-06-09 10:30:51,AAPL,1190,249.111
AAPL_162,2024-06-10 09:45:01,AAPL,1328,237.682
AAPL_163,2024-06-11 14:31:10,AAPL,2448,208.5
AAPL_164,2024-06-12 13:34:50,AAPL,1806,241.131
AAPL_165,2024-06-13 12:51:02,AAPL,1301,244.291
AAPL_166,2024-06-14 15:56:49,AAPL,3148,216.911
AAPL_167,2024-06-15 14:12:33,AAPL,4678,218.001
AAPL_168,2024-06-16 15:39:43,AAPL,3245,234.619
AAPL_169,2024-06-17 10:24:24,AAPL,739,223.317
AAPL_170,2024-06-18 13:24:19,AAPL,3637,229.849
AAPL_171,2024-06-19 13:42:33,AAPL,985,249.595
AAPL_172,2024-06-20 11:22:18,AAPL,1469,226.58
AAPL_173,2024-06-21 09:45:28,AAPL,4213,209.656
AAPL_174,2024-06-22 11:29:20,AAPL,986,247.464
AAPL_175,2024-06-23 14:42:15,AAPL,2546,214.127
AAPL_176,2024-06-24 14:52:08,AAPL,1156,230.213
AAPL_177,2024-06-25 10:05:17,AAPL,203,202.37
AAPL_178,2024-06-26 09:17:54,AAPL,4907,200.12
AAPL_179,2024-06-27 13:46:16,AAPL,217,231.483
AAPL_180,2024-06-28 12:10:36,AAPL,2427,216.83
AAPL_181,2024-06-29 15:43:31,AAPL,386,227.956
AAPL_182,2024-06-30 10:59:55,AAPL,4004,221.733
AAPL_183,2024-07-01 11:26:32,AAPL,2921,201.19
AAPL_184,2024-07-02 10:17:07,AAPL,1660,247.103
AAPL_185,2024-07-03 12:56:41,AAPL,2247,215.578
AAPL_186,2024-07-04 12:06:09,AAPL,1816,211.823
AAPL_187,2024-07-05 10:22:40,AAPL,2928,223.235
AAPL_188,2024-07-06 11:58:29,AAPL,3850,207.501
AAPL_189,2024-07-07 13:37:38,AAPL,1474,239.548
AAPL_190,2024-07-08 14:18:18,AAPL,3623,235.901
AAPL_191,2024-07-09 13:24:05,AAPL,4818,202.896
AAPL_192,2024-07-10 12:11:10,AAPL,2997,246.012
AAPL_193,2024-07-11 10:32:29,AAPL,3909,227.247
AAPL_194,2024-07-12 12:29:42,AAPL,4568,215.624
AAPL_195,2024-07-13 10:21:17,AAPL,460,202.483
AAPL_196,2024-07-14 14:40:30,AAPL,804,219.17
AAPL_197,2024-07-15 13:51:16,AAPL,921,207.126
AAPL_198,2024-07-16 12:23:28,AAPL,1468,200.952
AAPL_199,2024-07-17 13:01:11,AAPL,993,217.592
AAPL_200,2024-07-18 09:41:23,AAPL,1044,229.737
AAPL_201,2024-07-19 13:04:06,AAPL,2532,249.319
AAPL_202,2024-07-20 09:07:05,AAPL,4889,241.49
AAPL_203,2024-07-21 11:12:06,AAPL,1439,229.36
AAPL_204,2024-07-22 10:20:50,AAPL,1456,235.051
AAPL_205,2024-07-23 10:01:13,AAPL,4659,225.172
AAPL_206,2024-07-24 13:57:04,AAPL,148,248.517
AAPL_207,2024-07-25 10:47:56,AAPL,513,215.391
AAPL_208,2024-07-26 14:59:36,AAPL,4596,212.325
AAPL_209,2024-07-27 09:59:19,AAPL,2087,213.423
AAPL_210,2024-07-28 09:14:55,AAPL,810,203.268
AAPL_211,2024-07-29 10:53:56,AAPL,4645,200.985
AAPL_212,2024-07-30 15:39:00,AAPL,1027,206.21
AAPL_213,2024-07-31 15:54:15,AAPL,3301,208.872
AAPL_214,2024-08-01 15:13:30,AAPL,2768,233.118
AAPL_215,2024-08-02 13:28:58,AAPL,2848,235.8
AAPL_216,2024-08-03 12:20:09,AAPL,917,221.769
AAPL_217,2024-08-04 09:32:14,AAPL,3108,213.751
AAPL_218,2024-08-05 14:43:05,AAPL,2547,239.41
AAPL_219,2024-08-06 11:36:04,AAPL,4871,245.187
AAPL_220,2024-08-07 13:04:41,AAPL,1868,211.963
AAPL_221,2024-08-08 15:03:14,AAPL,3669,239.719
AAPL_222,2024-08-09 10:52:14,AAPL,1482,209.354
AAPL_223,2024-08-10 13:44:32,AAPL,1109,235.374
AAPL_224,2024-08-11 09:20:23,AAPL,2475,224.554
AAPL_225,2024-08-12 12:27:46,AAPL,1648,213.225
AAPL_226,2024-08-13 13:39:26,AAPL,2535,218.288
AAPL_227,2024-08-14 15:59:29,AAPL,3137,223.662
AAPL_228,2024-08-15 14:23:21,AAPL,2286,237.489
AAPL_229,2024-08-16 09:08:50,AAPL,1648,201.183
AAPL_230,2024-08-17 10:33:15,AAPL,212,248.827
AAPL_231,2024-08-18 12:49:23,AAPL,2031,222.874
AAPL_233,2024-08-20 10:33:14,AAPL,2167,242.217
AAPL_234,2024-08-21 11:26:32,AAPL,3020,233.602
AAPL_235,2024-08-22 12:41:33,AAPL,2874,241.229
AAPL_236,2024-08-23 14:08:05,AAPL,4571,238.587
AAPL_237,2024-08-24 09:16:16,AAPL,2888,235.417
AAPL_238,2024-08-25 10:20:27,AAPL,1727,211.921
AAPL_239,2024-08-26 11:21:25,AAPL,2190,209.007
AAPL_240,2024-08-27 09:04:25,AAPL,3935,233.382
AAPL_241,2024-08-28 10:13:52,AAPL,4989,213.434
AAPL_242,2024-08-29 10:46:20,AAPL,3673,235.804
AAPL_243,2024-08-30 15:35:05,AAPL,3650,225.731
AAPL_244,2024-08-31 10:41:44,AAPL,743,248.143
AAPL_245,2024-09-01 14:39:27,AAPL,314,241.332
AAPL_246,2024-09-02 15:32:10,AAPL,3814,225.62
AAPL_247,2024-09-03 13:20:47,AAPL,2318,229.187
AAPL_248,2024-09-04 12:35:01,AAPL,4674,210.461
AAPL_249,2024-09-05 13:47:43,AAPL,4534,241.538
AAPL_250,2024-09-06 13:25:54,AAPL,3395,215.612
AAPL_251,2024-09-07 12:54:30,AAPL,3854,246.074
AAPL_252,2024-09-08 15:04:07,AAPL,4856,237.619
AAPL_253,2024-09-09 12:23:19,AAPL,1749,249.152
AAPL_254,2024-09-10 12:14:19,AAPL,3841,234.593
AAPL_255,2024-09-11 09:41:45,AAPL,2066,211.223
AAPL_256,2024-09-12 12:29:36,AAPL,2281,209.891
AAPL_257,2024-09-13 13:26:37,AAPL,704,244.507
AAPL_258,2024-09-14 13:01:42,AAPL,4670,226.112
AAPL_259,2024-09-15 12:57:22,AAPL,381,218.608
AAPL_260,2024-09-16 09:05:52,AAPL,370,221.02
AAPL_261,2024-09-17 13:35:46,AAPL,2164,220.593
AAPL_262,2024-09-18 10:47:37,AAPL,3118,238.558
AAPL_263,2024-09-19 15:54:55,AAPL,2446,248.327
AAPL_264,2024-09-20 10:24:45,AAPL,750,230.807
AAPL_265,2024-09-21 14:08:16,AAPL,4718,237.894
AAPL_266,2024-09-22 13:34:36,AAPL,2988,208.9
AAPL_267,2024-09-23 13:20:49,AAPL,2466,205.783
AAPL_268,2024-09-24 14:01:07,AAPL,2966,226.59
AAPL_269,2024-09-25 10:14:42,AAPL,1891,217.923
AAPL_270,2024-09-26 12:00:54,AAPL,4302,244.958
AAPL_271,2024-09-27 12:37:05,AAPL,1887,216.244
AAPL_272,2024-09-28 12:58:41,AAPL,579,230.032
AAPL_273,2024-09-29 14:58:17,AAPL,4464,237.202
AAPL_274,2024-09-30 14:18:36,AAPL,3919,239.48
AAPL_275,2024-10-01 14:45:49,AAPL,733,203.391
AAPL_276,2024-10-02 12:56:35,AAPL,4726,216.605
AAPL_278,2024-10-04 09:12:08,AAPL,4650,243.59
AAPL_279,2024-10-05 12:54:59,AAPL,583,212.66
AAPL_280,2024-10-06 11:14:10,AAPL,315,248.965
AAPL_281,2024-10-07 12:29:12,AAPL,1043,211.165
AAPL_282,2024-10-08 10:53:27,AAPL,3569,242.987
AAPL_283,2024-10-09 12:09:21,AAPL,3683,211.131
AAPL_284,2024-10-10 13:30:37,AAPL,1868,216.811
AAPL_285,2024-10-11 11:19:34,AAPL,2320,203.637
AAPL_286,2024-10-12 13:14:31,AAPL,611,214.815
AAPL_287,2024-10-13 12:36:10,AAPL,1883,217.513
AAPL_288,2024-10-14 10:05:31,AAPL,488,230.545
AAPL_289,2024-10-15 12:28:57,AAPL,4477,246.306
AAPL_290,2024-10-16 14:08:45,AAPL,2972,214.849
AAPL_291,2024-10-17 14:48:03,AAPL,1397,231.37
AAPL_292,2024-10-18 15:12:45,AAPL,1236,235.237
AAPL_293,2024-10-19 13:03:20,AAPL,4538,204.934
AAPL_294,2024-10-20 12:59:11,AAPL,4653,209.071
AAPL_295,2024-10-21 14:03:15,AAPL,887,240.16
AAPL_296,2024-10-22 13:04:12,AAPL,1160,233.12
AAPL_297,2024-10-23 13:46:26,AAPL,849,224.928
AAPL_298,2024-10-24 13:31:25,AAPL,3113,247.827
AAPL_299,2024-10-25 13:00:05,AAPL,907,226.61
AAPL_300,2024-10-26 10:22:19,AAPL,4659,235.355
AAPL_301,2024-10-27 13:59:17,AAPL,3512,214.222
AAPL_302,2024-10-28 11:33:09,AAPL,1129,212.392
AAPL_303,2024-10-29 10:48:58,AAPL,428,229.108
AAPL_304,2024-10-30 12:25:30,AAPL,4178,241.281
AAPL_305,2024-10-31 10:28:38,AAPL,1003,228.596
AAPL_306,2024-11-01 15:42:58,AAPL,4843,211.879
AAPL_307,2024-11-02 14:42:08,AAPL,972,227.588
AAPL_308,2024-11-03 15:56:43,AAPL,3724,211.58
AAPL_309,2024-11-04 09:49:06,AAPL,1326,227.255
AAPL_310,2024-11-05 10:51:07,AAPL,1877,226.767
AAPL_311,2024-11-06 10:50:01,AAPL,1533,221.313
AAPL_312,2024-11-07 11:43:38,AAPL,4919,246.827
AAPL_313,2024-11-08 15:11:58,AAPL,844,216.192
AAPL_314,2024-11-09 10:51:41,AAPL,4722,249.914
AAPL_315,2024-11-10 11:10:24,AAPL,2320,214.15
AAPL_316,2024-11-11 15:31:14,AAPL,2504,237.656
AAPL_317,2024-11-12 10:09:51,AAPL,1798,204.486
AAPL_318,2024-11-13 09:45:56,AAPL,3487,247.615
AAPL_319,2024-11-14 13:09:04,AAPL,510,229.22
AAPL_320,2024-11-15 11:12:18,AAPL,2468,205.881
AAPL_321,2024-11-16 09:51:59,AAPL,4514,247.912
AAPL_322,2024-11-17 09:27:20,AAPL,3500,244.072
AAPL_323,2024-11-18 13:17:13,AAPL,2833,249.74
AAPL_324,2024-11-19 15:17:00,AAPL,2876,214.299
AAPL_325,2024-11-20 11:47:52,AAPL,4588,221.191
AAPL_326,2024-11-21 15:10:56,AAPL,840,245.421
AAPL_327,2024-11-22 12:27:35,AAPL,3880,213.258
AAPL_328,2024-11-23 09:42:28,AAPL,566,224.913
AAPL_329,2024-11-24 10:48:34,AAPL,2779,234.668
AAPL_330,2024-11-25 12:11:39,AAPL,4239,235.118
AAPL_331,2024-11-26 13:33:22,AAPL,2317,246.724
AAPL_332,2024-11-27 11:08:21,AAPL,1790,239.926
AAPL_333,2024-11-28 12:45:48,AAPL,4994,207.922
AAPL_334,2024-11-29 12:58:06,AAPL,888,217.674
AAPL_335,2024-11-30 12:15:49,AAPL,2462,211.649
AAPL_336,2024-12-01 14:40:06,AAPL,3824,220.847
AAPL_337,2024-12-02 15:13:33,AAPL,3362,220.14
AAPL_338,2024-12-03 15:12:26,AAPL,2657,227.774
AAPL_339,2024-12-04 11:06:34,AAPL,215,207.335
AAPL_340,2024-12-05 12:43:31,AAPL,3985,201.804
AAPL_341,2024-12-06 13:42:54,AAPL,166,231.872
AAPL_342,2024-12-07 11:42:37,AAPL,3632,208.549
AAPL_343,2024-12-08 15:57:21,AAPL,2073,225.61
AAPL_344,2024-12-09 14:25:59,AAPL,2234,216.018
AAPL_345,2024-12-10 15:32:17,AAPL,1742,241.27
AAPL_346,2024-12-11 11:52:15,AAPL,1132,221.78
AAPL_347,2024-12-12 12:20:00,AAPL,1413,231.091
AAPL_348,2024-12-13 15:43:36,AAPL,1044,227.53
AAPL_349,2024-12-14 15:19:58,AAPL,4196,208.051
AAPL_350,2024-12-15 11:36:07,AAPL,951,201.399
AAPL_351,2024-12-16 13:09:33,AAPL,2985,220.446
AAPL_352,2024-12-17 09:45:00,AAPL,881,233.652
AAPL_353,2024-12-18 14:58:55,AAPL,4705,218.788
AAPL_354,2024-12-19 14:07:30,AAPL,1597,228.64
AAPL_355,2024-12-20 11:02:51,AAPL,4776,239.937
AAPL_356,2024-12-21 11:58:16,AAPL,3290,233.725
AAPL_357,2024-12-22 09:36:17,AAPL,3301,236.382
AAPL_358,2024-12-23 14:33:34,AAPL,4403,217.884
AAPL_359,2024-12-24 11:39:31,AAPL,957,215.881
AAPL_360,2024-12-25 09:01:24,AAPL,1314,216.085
AAPL_361,2024-12-26 09:58:41,AAPL,1671,231.214
AAPL_362,2024-12-27 12:41:55,AAPL,466,205.207
AAPL_363,2024-12-28 11:22:20,AAPL,2120,247.478
AAPL_364,2024-12-29 14:39:22,AAPL,2906,212.975
AAPL_365,2024-12-30 14:42:54,AAPL,3622,236.475
AAPL_366,2024-12-31 12:19:29,AAPL,3381,233.15
AAPL_367,2025-01-01 14:05:11,AAPL,665,213.723
AAPL_368,2025-01-02 12:15:48,AAPL,3717,240.159
AAPL_369,2025-01-03 11:47:55,AAPL,3620,246.551
AAPL_370,2025-01-04 14:42:34,AAPL,4713,245.332
AAPL_371,2025-01-05 11:32:06,AAPL,3997,230.86
AAPL_372,2025-01-06 15:25:28,AAPL,1385,233.13
AAPL_373,2025-01-07 11:19:23,AAPL,3461,242.816
AAPL_374,2025-01-08 12:54:25,AAPL,1975,222.282
AAPL_375,2025-01-09 10:00:44,AAPL,4240,218.139
AAPL_376,2025-01-10 09:32:52,AAPL,3380,224.642
AAPL_377,2025-01-11 09:29:53,AAPL,614,226.983
AAPL_378,2025-01-12 15:12:57,AAPL,1406,249.476
AAPL_379,2025-01-13 11:40:08,AAPL,1316,210.535
AAPL_380,2025-01-14 11:06:58,AAPL,3347,203.273
AAPL_381,2025-01-15 11:02:50,AAPL,2344,249.187
AAPL_382,2025-01-16 11:33:47,AAPL,3509,203.383
AAPL_383,2025-01-17 14:02:55,AAPL,252,244.535
AAPL_384,2025-01-18 14:23:41,AAPL,403,226.263
AAPL_385,2025-01-19 11:39:21,AAPL,1500,228.459
AAPL_386,2025-01-20 09:54:08,AAPL,1344,239.374
AAPL_387,2025-01-21 13:42:31,AAPL,4608,211.403
AAPL_388,2025-01-22 11:48:10,AAPL,3140,223.856
AAPL_389,2025-01-23 12:55:20,AAPL,1675,212.439
AAPL_390,2025-01-24 11:12:45,AAPL,218,239.589
AAPL_391,2025-01-25 14:08:33,AAPL,3113,219.984
AAPL_392,2025-01-26 11:53:29,AAPL,2023,224.117
AAPL_393,2025-01-27 11:28:38,AAPL,2950,215.481
AAPL_394,2025-01-28 14:22:43,AAPL,4449,216.422
AAPL_395,2025-01-29 11:47:17,AAPL,1838,225.034
AAPL_396,2025-01-30 11:47:49,AAPL,401,204.595
AAPL_397,2025-01-31 10:39:03,AAPL,2480,204.142
AAPL_398,2025-02-01 13:26:02,AAPL,4212,224.791
AAPL_399,2025-02-02 12:41:45,AAPL,692,213.193
AAPL_400,2025-02-03 13:34:40,AAPL,906,232.896
AAPL_401,2025-02-04 09:48:52,AAPL,2743,241.858
AAPL_402,2025-02-05 10:07:48,AAPL,4427,228.905
AAPL_403,2025-02-06 15:33:36,AAPL,2477,243.488
AAPL_404,2025-02-07 14:28:45,AAPL,2676,215.617
AAPL_405,2025-02-08 11:59:43,AAPL,854,212.333
AAPL_406,2025-02-09 11:32:19,AAPL,3771,226.416
AAPL_407,2025-02-10 13:39:27,AAPL,2008,243.801
AAPL_408,2025-02-11 11:15:50,AAPL,1894,243.796
AAPL_409,2025-02-12 11:10:28,AAPL,4509,216.127
AAPL_410,2025-02-13 14:23:49,AAPL,1728,218.231
AAPL_411,2025-02-14 10:18:35,AAPL,3202,220.795
AAPL_412,2025-02-15 15:25:25,AAPL,3968,240.019
AAPL_413,2025-02-16 11:40:26,AAPL,524,230.605
AAPL_414,2025-02-17 15:09:03,AAPL,4958,234.563
AAPL_415,2025-02-18 15:22:11,AAPL,1147,245.407
AAPL_416,2025-02-19 09:37:57,AAPL,1670,242.893
AAPL_417,2025-02-20 14:59:06,AAPL,3551,245.235
AAPL_418,2025-02-21 13:12:16,AAPL,4440,248.008
AAPL_419,2025-02-22 12:43:51,AAPL,1278,241.932
AAPL_420,2025-02-23 11:06:30,AAPL,3683,249.347
AAPL_421,2025-02-24 15:55:33,AAPL,4285,212.608
AAPL_422,2025-02-25 11:22:58,AAPL,3980,238.461
AAPL_423,2025-02-26 09:49:35,AAPL,3098,206.79
AAPL_424,2025-02-27 12:29:08,AAPL,4977,237.416
AAPL_425,2025-02-28 13:13:07,AAPL,4627,244.734
AAPL_426,2025-03-01 15:50:53,AAPL,4992,203.532
AAPL_427,2025-03-02 15:16:25,AAPL,3653,231.355
AAPL_428,2025-03-03 11:02:11,AAPL,2312,228.682
AAPL_429,2025-03-04 15:52:48,AAPL,4590,249.963
AAPL_430,2025-03-05 10:07:29,AAPL,1780,221.477
AAPL_431,2025-03-06 14:14:29,AAPL,2285,200.027
AAPL_432,2025-03-07 10:52:10,AAPL,4512,235.336
AAPL_433,2025-03-08 14:41:23,AAPL,4884,209.021
AAPL_434,2025-03-09 12:37:52,AAPL,4751,222.885
AAPL_435,2025-03-10 09:34:59,AAPL,114,221.468
AAPL_436,2025-03-11 12:59:38,AAPL,4267,210.855
AAPL_437,2025-03-12 15:31:44,AAPL,811,243.984
AAPL_438,2025-03-13 13:24:10,AAPL,4961,211.755
AAPL_439,2025-03-14 10:50:24,AAPL,4522,226.912
AAPL_440,2025-03-15 11:09:53,AAPL,2227,233.173
AAPL_441,2025-03-16 13:46:57,AAPL,4941,246.33
AAPL_442,2025-03-17 13:53:08,AAPL,3912,201.543
AAPL_443,2025-03-18 10:57:42,AAPL,3576,238.845
AAPL_444,2025-03-19 14:01:26,AAPL,3562,231.041
AAPL_445,2025-03-20 13:14:51,AAPL,2716,207.0
AAPL_446,2025-03-21 09:34:41,AAPL,1268,243.969
AAPL_447,2025-03-22 11:21:35,AAPL,2784,236.64
AAPL_448,2025-03-23 10:43:13,AAPL,2496,205.189
AAPL_449,2025-03-24 11:48:26,AAPL,264,241.749
AAPL_450,2025-03-25 09:33:01,AAPL,4507,214.313
AAPL_451,2025-03-26 12:03:12,AAPL,4798,212.003
AAPL_452,2025-03-27 14:50:34,AAPL,984,212.586
AAPL_453,2025-03-28 11:45:00,AAPL,4667,232.388
AAPL_454,2025-03-29 15:05:35,AAPL,899,212.523
AAPL_455,2025-03-30 11:09:27,AAPL,1460,208.451
AAPL_456,2025-03-31 14:01:59,AAPL,4437,223.087
AAPL_458,2025-04-02 09:34:11,AAPL,494,206.102
AAPL_459,2025-04-03 13:58:56,AAPL,416,220.775
AAPL_460,2025-04-04 15:37:14,AAPL,2890,220.76
AAPL_461,2025-04-05 13:32:26,AAPL,2226,217.502
AAPL_462,2025-04-06 15:36:25,AAPL,2804,201.565
AAPL_463,2025-04-07 09:29:48,AAPL,380,217.077
AAPL_464,2025-04-08 15:05:03,AAPL,2605,209.682
AAPL_465,2025-04-09 14:49:23,AAPL,3787,227.322
AAPL_466,2025-04-10 09:56:43,AAPL,1690,242.245
AAPL_467,2025-04-11 14:31:21,AAPL,1936,230.463
AAPL_468,2025-04-12 12:17:22,AAPL,2105,236.226
AAPL_469,2025-04-13 12:31:52,AAPL,420,218.239
AAPL_470,2025-04-14 14:12:55,AAPL,2542,203.303
AAPL_471,2025-04-15 11:15:20,AAPL,584,245.588
AAPL_472,2025-04-16 15:16:22,AAPL,282,221.526
AAPL_473,2025-04-17 11:45:30,AAPL,1319,229.807
AAPL_474,2025-04-18 15:11:11,AAPL,3707,228.264
AAPL_475,2025-04-19 13:09:03,AAPL,855,210.209
AAPL_476,2025-04-20 13:58:56,AAPL,2563,234.123
AAPL_477,2025-04-21 12:41:08,AAPL,1702,202.01
AAPL_478,2025-04-22 09:59:06,AAPL,1685,216.633
AAPL_479,2025-04-23 13:22:33,AAPL,184,245.47
AAPL_480,2025-04-24 11:08:45,AAPL,2393,240.499
AAPL_481,2025-04-25 09:22:49,AAPL,2569,204.128
AAPL_482,2025-04-26 14:43:08,AAPL,3473,249.677
AAPL_483,2025-04-27 14:17:36,AAPL,173,209.45
AAPL_484,2025-04-28 09:00:40,AAPL,4266,216.04
AAPL_485,2025-04-29 14:51:15,AAPL,1088,225.493
AAPL_486,2025-04-30 15:57:58,AAPL,3077,231.481
AAPL_487,2025-05-01 09:39:32,AAPL,4758,203.25
AAPL_488,2025-05-02 09:51:08,AAPL,2682,244.497
AAPL_489,2025-05-03 11:05:39,AAPL,435,217.061
AAPL_490,2025-05-04 09:53:58,AAPL,2418,249.474
AAPL_491,2025-05-05 10:51:03,AAPL,4944,218.881
AAPL_492,2025-05-06 13:20:40,AAPL,1231,219.327
AAPL_493,2025-05-07 09:45:10,AAPL,3271,212.332
AAPL_494,2025-05-08 09:43:37,AAPL,2390,248.409
AAPL_495,2025-05-09 12:39:21,AAPL,2505,237.321
AAPL_496,2025-05-10 13:11:29,AAPL,1183,246.314
AAPL_497,2025-05-11 11:52:51,AAPL,4232,220.723
AAPL_498,2025-05-12 12:21:51,AAPL,2054,222.116
AAPL_499,2025-05-13 15:17:03,AAPL,603,246.406
AAPL_500,2025-05-14 12:02:57,AAPL,3371,234.06
AAPL_501,2025-05-15 11:31:18,AAPL,932,231.585
AAPL_502,2025-05-16 10:06:58,AAPL,466,212.528
AAPL_503,2025-05-17 15:45:03,AAPL,216,238.229
AAPL_504,2025-05-18 13:59:10,AAPL,4137,246.232
AAPL_505,2025-05-19 11:14:26,AAPL,3181,215.639
AAPL_506,2025-05-20 11:47:59,AAPL,2144,221.258
AAPL_507,2025-05-21 14:53:23,AAPL,4933,213.999
AAPL_508,2025-05-22 11:42:19,AAPL,4162,235.526
AAPL_509,2025-05-23 14:03:06,AAPL,4713,213.151
AAPL_510,2025-05-24 10:23:20,AAPL,991,204.539
AAPL_511,2025-05-25 11:39:29,AAPL,2242,203.155
AAPL_512,2025-05-26 09:51:58,AAPL,3364,203.271
AAPL_513,2025-05-27 11:23:21,AAPL,1150,245.777
AAPL_514,2025-05-28 10:59:28,AAPL,2486,243.0
AAPL_515,2025-05-29 13:05:46,AAPL,4398,205.148
AAPL_516,2025-05-30 11:53:44,AAPL,3649,248.895
AAPL_517,2025-05-31 13:23:42,AAPL,744,234.183
AAPL_518,2025-06-01 15:15:21,AAPL,3902,201.676
AAPL_519,2025-06-02 13:52:03,AAPL,3285,216.109
AAPL_520,2025-06-03 15:55:28,AAPL,159,232.836
AAPL_521,2025-06-04 12:17:32,AAPL,2980,211.969
AAPL_522,2025-06-05 09:02:13,AAPL,4634,210.087
AAPL_523,2025-06-06 09:47:00,AAPL,2886,240.375
AAPL_524,2025-06-07 09:23:51,AAPL,4702,245.605
AAPL_525,2025-06-08 13:15:37,AAPL,3317,218.082
AAPL_526,2025-06-09 14:33:07,AAPL,1753,213.307
AAPL_527,2025-06-10 10:06:42,AAPL,646,232.655
AAPL_528,2025-06-11 14:43:29,AAPL,2909,205.677
AAPL_529,2025-06-12 13:35:39,AAPL,2380,224.075
AAPL_530,2025-06-13 13:47:55,AAPL,406,200.857
AAPL_531,2025-06-14 13:47:40,AAPL,3404,221.64
AAPL_532,2025-06-15 13:10:03,AAPL,2708,248.133
AAPL_533,2025-06-16 14:44:25,AAPL,4905,220.837
AAPL_534,2025-06-17 10:02:33,AAPL,1365,232.135
AAPL_535,2025-06-18 15:09:14,AAPL,901,241.553
AAPL_536,2025-06-19 12:22:24,AAPL,3358,249.953
AAPL_537,2025-06-20 10:23:08,AAPL,1439,222.747
AAPL_538,2025-06-21 11:53:52,AAPL,3297,209.914
AAPL_539,2025-06-22 12:02:38,AAPL,1537,244.045
AAPL_540,2025-06-23 12:34:32,AAPL,1196,215.998
AAPL_541,2025-06-24 12:02:29,AAPL,285,211.205
AAPL_542,2025-06-25 15:15:54,AAPL,4087,217.472
AAPL_543,2025-06-26 12:46:53,AAPL,4656,234.977
AAPL_544,2025-06-27 12:07:32,AAPL,4204,209.236
AAPL_545,2025-06-28 13:17:55,AAPL,3684,205.953
AAPL_546,2025-06-29 10:05:54,AAPL,801,234.066
AAPL_547,2025-06-30 10:19:18,AAPL,2395,221.235
AAPL_548,2025-07-01 15:38:14,AAPL,4788,229.499
AAPL_549,2025-07-02 15:00:29,AAPL,663,229.576
AAPL_550,2025-07-03 13:21:09,AAPL,548,209.145
AAPL_551,2025-07-04 12:40:13,AAPL,238,222.317
AAPL_552,2025-07-05 12:15:57,AAPL,589,207.042
AAPL_553,2025-07-06 14:52:16,AAPL,1483,249.756
AAPL_554,2025-07-07 13:32:47,AAPL,4221,215.457
AAPL_555,2025-07-08 12:28:56,AAPL,2465,218.989
AAPL_556,2025-07-09 14:30:58,AAPL,4668,208.303
AAPL_557,2025-07-10 13:32:50,AAPL,1854,221.589
AAPL_558,2025-07-11 14:23:44,AAPL,3841,239.795
AAPL_559,2025-07-12 09:02:11,AAPL,3063,243.155
AAPL_560,2025-07-13 11:17:29,AAPL,3146,240.545
AAPL_561,2025-07-14 11:32:40,AAPL,1015,238.833
AAPL_562,2025-07-15 14:18:27,AAPL,4192,215.099
AAPL_563,2025-07-16 12:58:51,AAPL,1739,216.774
AAPL_564,2025-07-17 13:47:37,AAPL,1009,218.844
AAPL_565,2025-07-18 11:58:57,AAPL,1346,201.303
AAPL_566,2025-07-19 11:36:05,AAPL,3505,233.079
AAPL_567,2025-07-20 10:29:18,AAPL,1234,219.969
AAPL_568,2025-07-21 15:24:55,AAPL,4346,203.648
AAPL_569,2025-07-22 09:03:17,AAPL,3090,218.017
AAPL_570,2025-07-23 09:13:27,AAPL,4869,237.021
AAPL_571,2025-07-24 14:26:52,AAPL,882,246.219
AAPL_572,2025-07-25 11:15:15,AAPL,2489,200.495
AAPL_573,2025-07-26 09:04:39,AAPL,2921,235.164
AAPL_574,2025-07-27 11:17:37,AAPL,1436,248.348
AAPL_575,2025-07-28 13:26:58,AAPL,271,236.577
AAPL_576,2025-07-29 13:35:05,AAPL,2628,228.357
AAPL_577,2025-07-30 13:34:34,AAPL,3091,228.857
AAPL_578,2025-07-31 14:27:15,AAPL,2111,200.91
AAPL_579,2025-08-01 13:25:33,AAPL,416,223.593
AAPL_580,2025-08-02 13:12:34,AAPL,1112,214.287
AAPL_581,2025-08-03 12:32:55,AAPL,3714,228.259
AAPL_582,2025-08-04 15:43:44,AAPL,3132,219.736
AAPL_583,2025-08-05 10:49:08,AAPL,1708,216.956
AAPL_584,2025-08-06 12:55:53,AAPL,4134,207.581
AAPL_585,2025-08-07 13:00:54,AAPL,3602,226.32
AAPL_586,2025-08-08 12:48:00,AAPL,1659,216.024
AAPL_587,2025-08-09 13:03:39,AAPL,1413,211.681
AAPL_588,2025-08-10 14:00:14,AAPL,1551,248.094
AAPL_589,2025-08-11 13:20:14,AAPL,2113,235.085
AAPL_590,2025-08-12 11:03:19,AAPL,1894,209.371
AAPL_591,2025-08-13 12:00:55,AAPL,1844,226.07
AAPL_592,2025-08-14 09:34:59,AAPL,1031,202.879
AAPL_593,2025-08-15 10:52:07,AAPL,4296,221.044
AAPL_594,2025-08-16 14:39:13,AAPL,1270,228.515
AAPL_595,2025-08-17 10:10:48,AAPL,4465,227.925
AAPL_596,2025-08-18 10:28:53,AAPL,3488,202.101
AAPL_597,2025-08-19 15:46:37,AAPL,2360,235.798
AAPL_598,2025-08-20 09:06:03,AAPL,2515,245.802
AAPL_599,2025-08-21 15:57:39,AAPL,2294,208.378
AAPL_601,2025-08-23 10:59:16,AAPL,4229,229.825
AAPL_602,2025-08-24 14:02:18,AAPL,2190,235.853
AAPL_603,2025-08-25 15:33:30,AAPL,1932,211.326
AAPL_604,2025-08-26 14:20:31,AAPL,1804,233.649
AAPL_605,2025-08-27 10:58:23,AAPL,3975,229.457
AAPL_606,2025-08-28 09:17:23,AAPL,824,201.21
AAPL_607,2025-08-29 11:38:59,AAPL,4275,227.664
AAPL_608,2025-08-30 15:02:42,AAPL,4522,200.985
AAPL_609,2025-08-31 12:37:55,AAPL,4045,201.326
AAPL_610,2025-09-01 15:00:25,AAPL,1782,249.678
AAPL_611,2025-09-02 10:14:04,AAPL,3578,209.856
AAPL_612,2025-09-03 12:20:54,AAPL,3465,201.376
AAPL_613,2025-09-04 09:46:28,AAPL,3125,239.73
AAPL_614,2025-09-05 12:24:52,AAPL,2716,214.342
AAPL_615,2025-09-06 15:39:14,AAPL,1983,210.223
AAPL_616,2025-09-07 13:55:36,AAPL,289,245.536
AAPL_617,2025-09-08 09:32:05,AAPL,2354,211.523
AAPL_618,2025-09-09 12:25:33,AAPL,883,244.641
AAPL_619,2025-09-10 09:08:20,AAPL,1437,246.521
AAPL_620,2025-09-11 12:39:02,AAPL,3470,242.965
AAPL_621,2025-09-12 12:50:23,AAPL,3941,233.729
AAPL_622,2025-09-13 14:02:42,AAPL,377,207.761
AAPL_623,2025-09-14 09:04:21,AAPL,2096,202.074
AAPL_624,2025-09-15 11:46:43,AAPL,170,236.328
AAPL_625,2025-09-16 09:09:58,AAPL,262,223.724
AAPL_626,2025-09-17 15:20:53,AAPL,1264,215.658
AAPL_627,2025-09-18 09:56:16,AAPL,1667,244.728
AAPL_628,2025-09-19 11:46:20,AAPL,4726,225.993
AAPL_629,2025-09-20 14:51:59,AAPL,371,242.467
AAPL_630,2025-09-21 12:42:36,AAPL,4789,227.489
AAPL_632,2025-09-23 11:28:39,AAPL,413,229.251
AAPL_633,2025-09-24 11:12:38,AAPL,2697,211.714
AAPL_634,2025-09-25 13:53:21,AAPL,793,210.671
AAPL_635,2025-09-26 10:33:41,AAPL,746,222.706
AAPL_636,2025-09-27 13:30:11,AAPL,184,205.204
AAPL_637,2025-09-28 13:26:45,AAPL,2905,230.801
AAPL_638,2025-09-29 09:06:27,AAPL,2544,231.222
AAPL_639,2025-09-30 09:40:15,AAPL,1226,226.529
AAPL_640,2025-10-01 12:31:34,AAPL,4426,210.832
AAPL_641,2025-10-02 13:35:57,AAPL,3304,242.205
AAPL_642,2025-10-03 12:18:08,AAPL,4265,215.876
AAPL_643,2025-10-04 09:45:59,AAPL,4870,246.672
AAPL_644,2025-10-05 13:05:49,AAPL,3128,217.776
AAPL_645,2025-10-06 09:02:34,AAPL,2511,226.335
AAPL_646,2025-10-07 11:50:01,AAPL,2563,234.76
AAPL_647,2025-10-08 10:38:24,AAPL,962,229.438
AAPL_648,2025-10-09 12:44:23,AAPL,3964,205.733
AAPL_649,2025-10-10 15:48:44,AAPL,1600,216.304
AAPL_650,2025-10-11 13:38:06,AAPL,4339,200.243
AAPL_651,2025-10-12 13:02:28,AAPL,4466,222.523
AAPL_652,2025-10-13 13:57:04,AAPL,1436,217.979
AAPL_653,2025-10-14 15:35:27,AAPL,2116,249.551
AAPL_654,2025-10-15 11:04:29,AAPL,4524,237.016
AAPL_655,2025-10-16 09:31:06,AAPL,390,243.819
AAPL_656,2025-10-17 11:06:59,AAPL,3195,236.075
AAPL_657,2025-10-18 14:14:35,AAPL,4383,222.001
AAPL_658,2025-10-19 14:42:43,AAPL,4943,248.084
AAPL_659,2025-10-20 14:55:56,AAPL,4574,207.204
AAPL_660,2025-10-21 11:44:05,AAPL,307,210.201
AAPL_661,2025-10-22 10:48:06,AAPL,3508,248.494
AAPL_662,2025-10-23 15:02:36,AAPL,457,228.28
AAPL_663,2025-10-24 10:30:58,AAPL,539,226.088
AAPL_664,2025-10-25 09:55:28,AAPL,2372,238.486
AAPL_665,2025-10-26 12:02:53,AAPL,4752,223.243
AAPL_666,2025-10-27 10:32:37,AAPL,2116,246.908
AAPL_667,2025-10-28 14:55:32,AAPL,1733,222.058
AAPL_668,2025-10-29 14:52:00,AAPL,3710,227.282
AAPL_669,2025-10-30 15:50:29,AAPL,3250,245.456
AAPL_670,2025-10-31 11:53:55,AAPL,4028,214.955
AAPL_671,2025-11-01 10:12:35,AAPL,4542,235.93
AAPL_672,2025-11-02 11:52:29,AAPL,790,225.588
AAPL_673,2025-11-03 13:10:21,AAPL,719,221.991
AAPL_674,2025-11-04 10:41:11,AAPL,3041,204.563
AAPL_675,2025-11-05 11:58:26,AAPL,1734,239.021
AAPL_676,2025-11-06 09:57:21,AAPL,2951,207.305
AAPL_677,2025-11-07 09:22:56,AAPL,2199,224.169
AAPL_678,2025-11-08 13:07:14,AAPL,2412,208.343
AAPL_679,2025-11-09 13:20:27,AAPL,2005,217.283
AAPL_680,2025-11-10 10:36:26,AAPL,938,205.819
AAPL_681,2025-11-11 14:57:36,AAPL,4632,246.382
AAPL_682,2025-11-12 15:11:55,AAPL,2444,210.178
AAPL_683,2025-11-13 10:08:35,AAPL,2496,214.453
AAPL_684,2025-11-14 12:26:17,AAPL,3161,244.474
AAPL_685,2025-11-15 11:50:06,AAPL,2720,216.276
AAPL_686,2025-11-16 10:54:02,AAPL,1441,241.228
AAPL_687,2025-11-17 11:10:14,AAPL,3437,206.11
AAPL_688,2025-11-18 12:48:29,AAPL,662,232.468
AAPL_689,2025-11-19 13:35:13,AAPL,106,217.032
AAPL_690,2025-11-20 11:04:25,AAPL,4530,216.394
AAPL_691,2025-11-21 15:35:47,AAPL,4411,231.696
AAPL_692,2025-11-22 13:48:12,AAPL,3447,204.527
AAPL_693,2025-11-23 13:51:37,AAPL,711,202.792
AAPL_694,2025-11-24 12:30:28,AAPL,559,209.93
AAPL_695,2025-11-25 15:24:42,AAPL,1676,210.478
AAPL_696,2025-11-26 15:13:38,AAPL,2173,247.853
AAPL_697,2025-11-27 13:49:02,AAPL,3121,225.494
AAPL_698,2025-11-28 13:22:20,AAPL,3972,220.117
AAPL_699,2025-11-29 12:41:05,AAPL,1571,245.716
AAPL_700,2025-11-30 09:15:33,AAPL,1822,203.071
AAPL_701,2025-12-01 11:11:00,AAPL,967,238.917
AAPL_702,2025-12-02 12:58:08,AAPL,3829,247.374
AAPL_703,2025-12-03 09:30:26,AAPL,861,202.466
AAPL_704,2025-12-04 09:40:17,AAPL,2303,233.193
AAPL_705,2025-12-05 10:14:52,AAPL,4253,200.559
AAPL_706,2025-12-06 10:11:13,AAPL,3593,240.72
AAPL_707,2025-12-07 13:56:11,AAPL,2718,208.769
AAPL_708,2025-12-08 12:01:54,AAPL,1511,247.305
AAPL_709,2025-12-09 11:56:46,AAPL,3198,234.23
AAPL_710,2025-12-10 13:50:12,AAPL,2961,212.264
AAPL_711,2025-12-11 11:42:28,AAPL,3141,222.778
AAPL_712,2025-12-12 09:17:44,AAPL,950,212.589
AAPL_713,2025-12-13 12:31:31,AAPL,4913,223.763
AAPL_714,2025-12-14 14:55:27,AAPL,1537,209.577
AAPL_715,2025-12-15 11:01:22,AAPL,4976,243.133
AAPL_716,2025-12-16 11:44:02,AAPL,1760,246.75
AAPL_717,2025-12-17 15:59:40,AAPL,4876,246.875
AAPL_718,2025-12-18 12:58:59,AAPL,2792,245.947
AAPL_719,2025-12-19 14:57:51,AAPL,4235,221.563
AAPL_720,2025-12-20 11:54:26,AAPL,700,225.416
AAPL_721,2025-12-21 13:50:30,AAPL,1599,210.98
AAPL_722,2025-12-22 10:15:46,AAPL,408,223.712
AAPL_723,2025-12-23 11:13:34,AAPL,3802,232.425
AAPL_724,2025-12-24 09:33:46,AAPL,2441,239.037
AAPL_725,2025-12-25 09:34:58,AAPL,3392,208.838
AAPL_726,2025-12-26 11:25:43,AAPL,3950,209.908
AAPL_727,2025-12-27 13:09:03,AAPL,1807,242.2
AAPL_729,2025-12-29 12:45:55,AAPL,1720,221.916
AAPL_730,2025-12-30 15:07:16,AAPL,3391,223.934
AAPL_731,2025-12-31 10:00:09,AAPL,2860,237.834
AAPL_732,2026-01-01 14:16:22,AAPL,3001,220.847
AAPL_733,2026-01-02 10:47:50,AAPL,1774,239.247
AAPL_734,2026-01-03 13:19:58,AAPL,3196,233.276
AAPL_735,2026-01-04 12:17:20,AAPL,4468,232.553
AAPL_736,2026-01-05 12:15:10,AAPL,4609,249.012
AAPL_737,2026-01-06 14:40:11,AAPL,1118,225.129
AAPL_738,2026-01-07 13:59:38,AAPL,4804,213.177
AAPL_739,2026-01-08 12:41:16,AAPL,2930,249.593
AAPL_740,2026-01-09 14:34:21,AAPL,1502,226.384
AAPL_741,2026-01-10 10:57:27,AAPL,3149,215.973
AAPL_742,2026-01-11 11:58:23,AAPL,1564,215.675
AAPL_743,2026-01-12 13:11:44,AAPL,4119,210.088
AAPL_744,2026-01-13 13:21:10,AAPL,715,242.92
AAPL_746,2026-01-15 15:49:33,AAPL,4631,241.323
AAPL_747,2026-01-16 13:07:48,AAPL,1594,209.733
AAPL_748,2026-01-17 10:44:52,AAPL,3101,217.327
AAPL_749,2026-01-18 09:32:17,AAPL,2684,230.421
AAPL_750,2026-01-19 15:58:43,AAPL,1984,237.202
AAPL_751,2026-01-20 12:18:07,AAPL,3637,247.065
AAPL_752,2026-01-21 10:24:59,AAPL,588,238.073
AAPL_753,2026-01-22 14:24:34,AAPL,3833,202.206
AAPL_754,2026-01-23 13:24:26,AAPL,1155,215.369
AAPL_755,2026-01-24 11:52:40,AAPL,4511,207.721
AAPL_756,2026-01-25 14:25:59,AAPL,636,242.785
AAPL_757,2026-01-26 12:55:34,AAPL,2886,215.39
AAPL_758,2026-01-27 12:16:34,AAPL,2421,222.599
AAPL_759,2026-01-28 15:05:48,AAPL,4990,242.706
AAPL_760,2026-01-29 14:04:53,AAPL,1306,220.047
AAPL_761,2026-01-30 14:57:02,AAPL,3843,219.971
AAPL_762,2026-01-31 13:16:55,AAPL,272,225.111
AAPL_763,2026-02-01 13:54:18,AAPL,318,243.998
AAPL_764,2026-02-02 15:04:09,AAPL,2959,221.682
AAPL_765,2026-02-03 15:27:50,AAPL,2388,216.242
AAPL_766,2026-02-04 12:07:09,AAPL,4376,232.676
AAPL_767,2026-02-05 10:03:25,AAPL,3663,217.156
AAPL_768,2026-02-06 12:32:35,AAPL,2284,211.484
AAPL_770,2026-02-08 15:49:40,AAPL,4755,212.777
AAPL_771,2026-02-09 09:45:00,AAPL,2062,249.222
AAPL_772,2026-02-10 09:51:51,AAPL,3390,203.02
AAPL_773,2026-02-11 15:27:06,AAPL,2860,224.172
AAPL_774,2026-02-12 12:26:22,AAPL,4033,228.774
AAPL_775,2026-02-13 09:18:41,AAPL,292,213.316
AAPL_776,2026-02-14 11:37:22,AAPL,2518,237.615
AAPL_778,2026-02-16 13:58:30,AAPL,4679,227.58
AAPL_779,2026-02-17 11:50:14,AAPL,2538,218.087
AAPL_780,2026-02-18 09:30:36,AAPL,778,230.886
AAPL_781,2026-02-19 14:58:35,AAPL,3547,209.451
AAPL_782,2026-02-20 10:38:19,AAPL,1693,204.51
AAPL_783,2026-02-21 12:25:36,AAPL,3035,203.393
AAPL_784,2026-02-22 10:37:25,AAPL,3128,211.352
AAPL_785,2026-02-23 14:53:25,AAPL,2819,226.733
AAPL_786,2026-02-24 14:53:00,AAPL,2987,235.508
AAPL_788,2026-02-26 12:21:36,AAPL,4002,232.296
AAPL_789,2026-02-27 13:27:21,AAPL,2860,206.937
AAPL_790,2026-02-28 11:31:22,AAPL,2231,244.402
AAPL_791,2026-03-01 12:48:55,AAPL,2098,217.145
AAPL_792,2026-03-02 11:29:36,AAPL,3045,225.934
AAPL_793,2026-03-03 10:24:54,AAPL,1737,218.485
AAPL_794,2026-03-04 11:18:53,AAPL,3519,238.398
AAPL_795,2026-03-05 10:20:06,AAPL,475,232.807
AAPL_796,2026-03-06 09:38:28,AAPL,2780,212.085
AAPL_798,2026-03-08 10:31:45,AAPL,4121,201.644
AAPL_799,2026-03-09 10:29:16,AAPL,4301,230.303
AAPL_800,2026-03-10 15:15:00,AAPL,1347,207.574
AAPL_801,2026-03-11 11:42:20,AAPL,3126,218.222
AAPL_803,2026-03-13 15:54:36,AAPL,3097,207.32
AAPL_805,2026-03-15 10:49:13,AAPL,1288,208.337
AAPL_806,2026-03-16 14:07:44,AAPL,4862,218.057
AAPL_807,2026-03-17 13:30:17,AAPL,1051,214.328
AAPL_808,2026-03-18 09:43:08,AAPL,4760,209.22
AAPL_809,2026-03-19 13:48:02,AAPL,2406,242.903
AAPL_810,2026-03-20 13:00:06,AAPL,2513,230.115
AAPL_811,2026-03-21 11:50:00,AAPL,4866,220.931
AAPL_812,2026-03-22 11:13:43,AAPL,906,235.896
AAPL_813,2026-03-23 10:41:03,AAPL,4768,249.133
AAPL_814,2026-03-24 15:02:13,AAPL,4936,207.3
AAPL_815,2026-03-25 10:17:54,AAPL,2723,214.678
AAPL_816,2026-03-26 11:18:00,AAPL,3767,236.479
AAPL_817,2026-03-27 10:58:40,AAPL,3633,211.985
AAPL_818,2026-03-28 11:14:22,AAPL,1992,242.517
AAPL_819,2026-03-29 10:36:57,AAPL,2970,229.493
AAPL_820,2026-03-30 11:57:24,AAPL,1309,225.189
AAPL_821,2026-03-31 12:21:00,AAPL,4533,244.977
AAPL_822,2026-04-01 15:36:02,AAPL,1568,219.442
AAPL_823,2026-04-02 14:09:10,AAPL,4428,233.888
AAPL_824,2026-04-03 10:35:13,AAPL,2828,228.86
AAPL_825,2026-04-04 13:58:24,AAPL,2149,220.555
AAPL_826,2026-04-05 12:24:35,AAPL,4312,206.222
AAPL_827,2026-04-06 13:20:08,AAPL,583,237.501
AAPL_828,2026-04-07 13:27:00,AAPL,285,243.159
AAPL_829,2026-04-08 11:05:19,AAPL,949,237.394
AAPL_830,2026-04-09 10:06:35,AAPL,464,217.639
AAPL_831,2026-04-10 14:00:12,AAPL,4835,241.93
AAPL_832,2026-04-11 09:54:06,AAPL,3520,218.91
AAPL_833,2026-04-12 09:03:11,AAPL,334,240.491
AAPL_834,2026-04-13 10:29:05,AAPL,3786,212.599
AAPL_835,2026-04-14 12:54:58,AAPL,4770,222.395
AAPL_836,2026-04-15 11:50:15,AAPL,2116,209.947
AAPL_837,2026-04-16 12:14:53,AAPL,2903,217.739
AAPL_838,2026-04-17 12:41:15,AAPL,1351,241.6
AAPL_839,2026-04-18 14:16:07,AAPL,1935,240.621
AAPL_840,2026-04-19 12:20:20,AAPL,2764,247.036
AAPL_841,2026-04-20 10:16:24,AAPL,1436,242.641
AAPL_842,2026-04-21 14:55:01,AAPL,3612,201.711
AAPL_843,2026-04-22 12:25:26,AAPL,3763,210.236
AAPL_844,2026-04-23 14:16:27,AAPL,1202,212.782
AAPL_845,2026-04-24 12:18:57,AAPL,4306,249.49
AAPL_846,2026-04-25 11:39:27,AAPL,2772,218.067
AAPL_847,2026-04-26 10:00:33,AAPL,2091,217.91
AAPL_848,2026-04-27 13:08:09,AAPL,3411,233.08
AAPL_849,2026-04-28 10:10:56,AAPL,257,225.294
AAPL_850,2026-04-29 11:41:16,AAPL,3433,225.729
AAPL_851,2026-04-30 11:05:26,AAPL,1714,231.513
AAPL_852,2026-05-01 10:09:27,AAPL,3355,202.38
AAPL_853,2026-05-02 13:08:12,AAPL,1205,232.951
AAPL_854,2026-05-03 14:44:04,AAPL,3896,238.646
AAPL_855,2026-05-04 09:12:59,AAPL,3294,231.438
AAPL_856,2026-05-05 12:21:23,AAPL,178,239.174
AAPL_857,2026-05-06 15:22:50,AAPL,4855,217.846
AAPL_858,2026-05-07 10:31:04,AAPL,4641,230.057
AAPL_859,2026-05-08 12:07:11,AAPL,4314,236.899
AAPL_860,2026-05-09 13:44:01,AAPL,2776,240.176
AAPL_861,2026-05-10 13:09:29,AAPL,4264,215.174
AAPL_862,2026-05-11 13:25:44,AAPL,3306,202.23
AAPL_863,2026-05-12 12:40:40,AAPL,3938,207.669
AAPL_864,2026-05-13 10:39:48,AAPL,707,200.608
AAPL_865,2026-05-14 14:43:36,AAPL,2131,233.944
AAPL_866,2026-05-15 13:30:26,AAPL,1397,225.594
AAPL_867,2026-05-16 09:23:00,AAPL,4296,208.369
AAPL_868,2026-05-17 14:08:07,AAPL,3572,205.757
AAPL_869,2026-05-18 12:33:04,AAPL,211,226.19
AAPL_870,2026-05-19 09:56:26,AAPL,2575,213.552
AAPL_871,2026-05-20 12:28:59,AAPL,4636,241.879
AAPL_872,2026-05-21 10:40:15,AAPL,514,200.249
AAPL_874,2026-05-23 12:10:37,AAPL,4516,208.0
AAPL_875,2026-05-24 13:35:33,AAPL,1258,233.556
AAPL_876,2026-05-25 14:11:56,AAPL,882,206.483
AAPL_877,2026-05-26 11:39:37,AAPL,366,238.407
AAPL_878,2026-05-27 13:55:34,AAPL,721,212.631
AAPL_879,2026-05-28 11:46:17,AAPL,622,237.041
AAPL_880,2026-05-29 15:45:30,AAPL,2086,231.236
AAPL_881,2026-05-30 10:55:39,AAPL,2985,243.646
AAPL_882,2026-05-31 11:56:28,AAPL,1290,208.666
AAPL_883,2026-06-01 15:13:41,AAPL,184,201.952
AAPL_884,2026-06-02 09:31:19,AAPL,3877,245.506
AAPL_885,2026-06-03 11:29:53,AAPL,4167,212.261
AAPL_886,2026-06-04 12:46:19,AAPL,663,246.926
AAPL_887,2026-06-05 10:16:53,AAPL,4652,214.521
AAPL_888,2026-06-06 15:16:03,AAPL,884,239.482
AAPL_889,2026-06-07 14:57:35,AAPL,4063,208.211
AAPL_890,2026-06-08 11:44:08,AAPL,4839,217.347
AAPL_891,2026-06-09 14:20:13,AAPL,1862,222.12
AAPL_892,2026-06-10 13:32:20,AAPL,3136,229.971
AAPL_893,2026-06-11 11:10:01,AAPL,3075,244.372
AAPL_894,2026-06-12 15:20:15,AAPL,3603,218.369
AAPL_895,2026-06-13 15:18:16,AAPL,4588,231.365
AAPL_896,2026-06-14 09:31:46,AAPL,2392,226.656
AAPL_897,2026-06-15 10:23:19,AAPL,377,240.975
AAPL_898,2026-06-16 09:28:40,AAPL,4914,208.804
AAPL_899,2026-06-17 13:15:01,AAPL,3734,216.469
AAPL_900,2026-06-18 15:57:16,AAPL,117,226.761
AAPL_901,2026-06-19 09:22:43,AAPL,4809,236.985
AAPL_902,2026-06-20 12:46:27,AAPL,181,240.987
AAPL_903,2026-06-21 14:07:31,AAPL,4120,232.592
AAPL_904,2026-06-22 13:11:40,AAPL,2658,201.805
AAPL_905,2026-06-23 13:39:15,AAPL,409,201.158
AAPL_906,2026-06-24 11:19:37,AAPL,594,234.871
AAPL_907,2026-06-25 11:44:59,AAPL,261,219.525
AAPL_908,2026-06-26 13:42:44,AAPL,3335,239.122
AAPL_909,2026-06-27 11:21:24,AAPL,1377,218.863
AAPL_910,2026-06-28 10:21:09,AAPL,1021,243.287
AAPL_911,2026-06-29 11:12:30,AAPL,2984,233.783
AAPL_912,2026-06-30 10:16:34,AAPL,3285,216.796
AAPL_913,2026-07-01 09:07:26,AAPL,4719,237.366
AAPL_915,2026-07-03 14:56:00,AAPL,4364,214.247
AAPL_916,2026-07-04 14:22:28,AAPL,2846,238.642
AAPL_917,2026-07-05 09:17:41,AAPL,4140,237.079
AAPL_918,2026-07-06 12:20:33,AAPL,1134,224.43
AAPL_919,2026-07-07 14:58:37,AAPL,1617,236.986
AAPL_920,2026-07-08 10:26:03,AAPL,3694,215.939
AAPL_921,2026-07-09 11:44:08,AAPL,200,235.638
AAPL_922,2026-07-10 14:07:58,AAPL,3063,226.796
AAPL_923,2026-07-11 15:57:07,AAPL,3409,222.722
AAPL_924,2026-07-12 12:18:11,AAPL,1730,235.204
AAPL_925,2026-07-13 13:13:15,AAPL,1217,222.128
AAPL_926,2026-07-14 15:55:44,AAPL,3140,233.475
AAPL_927,2026-07-15 09:44:39,AAPL,3982,213.586
AAPL_928,2026-07-16 09:28:53,AAPL,4522,240.904
AAPL_929,2026-07-17 12:10:26,AAPL,403,206.359
AAPL_930,2026-07-18 14:31:38,AAPL,4378,221.132
AAPL_931,2026-07-19 13:37:48,AAPL,2027,230.329
AAPL_932,2026-07-20 14:18:57,AAPL,2230,239.577
AAPL_933,2026-07-21 10:35:09,AAPL,1472,243.361
AAPL_934,2026-07-22 13:23:41,AAPL,897,231.292
AAPL_935,2026-07-23 14:17:10,AAPL,2078,206.294
AAPL_936,2026-07-24 15:04:34,AAPL,4274,245.992
AAPL_937,2026-07-25 12:11:22,AAPL,3118,236.74
AAPL_938,2026-07-26 11:22:19,AAPL,264,210.854
AAPL_939,2026-07-27 10:30:46,AAPL,2329,219.409
AAPL_940,2026-07-28 12:23:35,AAPL,1023,221.139
AAPL_941,2026-07-29 12:13:03,AAPL,2555,219.561
AAPL_942,2026-07-30 11:44:45,AAPL,1265,231.955
AAPL_943,2026-07-31 11:00:20,AAPL,3440,234.445
AAPL_944,2026-08-01 13:34:24,AAPL,4100,235.972
AAPL_945,2026-08-02 09:19:45,AAPL,1004,206.624
AAPL_946,2026-08-03 14:44:37,AAPL,4805,210.285
AAPL_947,2026-08-04 09:41:02,AAPL,2833,232.585
AAPL_948,2026-08-05 14:28:57,AAPL,159,217.152
AAPL_949,2026-08-06 11:06:40,AAPL,338,233.133
AAPL_950,2026-08-07 09:40:57,AAPL,1418,205.494
AAPL_951,2026-08-08 10:42:19,AAPL,1583,219.644
AAPL_952,2026-08-09 10:18:20,AAPL,4066,216.994
AAPL_953,2026-08-10 11:52:41,AAPL,2181,226.533
AAPL_954,2026-08-11 09:52:07,AAPL,3181,222.345
AAPL_955,2026-08-12 11:07:53,AAPL,4746,239.151
AAPL_956,2026-08-13 11:46:28,AAPL,216,213.735
AAPL_957,2026-08-14 15:46:15,AAPL,1286,221.217
AAPL_958,2026-08-15 15:51:13,AAPL,4113,232.147
AAPL_959,2026-08-16 09:25:41,AAPL,2541,240.705
AAPL_960,2026-08-17 14:40:11,AAPL,4912,216.554
AAPL_961,2026-08-18 12:41:47,AAPL,2774,222.692
AAPL_962,2026-08-19 11:25:46,AAPL,327,229.376
AAPL_963,2026-08-20 14:28:34,AAPL,3480,235.88
AAPL_964,2026-08-21 12:16:14,AAPL,1777,229.279
AAPL_965,2026-08-22 15:12:14,AAPL,4379,214.541
AAPL_966,2026-08-23 12:24:29,AAPL,2814,207.692
AAPL_967,2026-08-24 15:55:40,AAPL,3908,224.092
AAPL_968,2026-08-25 13:52:30,AAPL,4251,237.819
AAPL_969,2026-08-26 12:48:12,AAPL,2316,226.064
AAPL_970,2026-08-27 13:17:17,AAPL,2493,245.067
AAPL_971,2026-08-28 13:00:33,AAPL,2071,209.514
AAPL_972,2026-08-29 14:55:59,AAPL,617,220.125
AAPL_973,2026-08-30 14:05:23,AAPL,3534,210.586
AAPL_974,2026-08-31 15:24:31,AAPL,4448,214.157
AAPL_975,2026-09-01 12:06:18,AAPL,4322,243.992
AAPL_976,2026-09-02 09:02:36,AAPL,4379,232.535
AAPL_977,2026-09-03 11:27:59,AAPL,726,230.173
AAPL_978,2026-09-04 13:29:06,AAPL,240,230.374
AAPL_979,2026-09-05 14:25:26,AAPL,887,229.105
AAPL_980,2026-09-06 09:22:49,AAPL,4148,234.988
AAPL_981,2026-09-07 15:34:34,AAPL,2808,206.512
AAPL_982,2026-09-08 12:31:24,AAPL,1557,242.13
AAPL_983,2026-09-09 14:07:50,AAPL,206,216.021
AAPL_984,2026-09-10 11:57:03,AAPL,440,248.849
AAPL_985,2026-09-11 15:24:33,AAPL,2894,229.974
AAPL_986,2026-09-12 14:43:56,AAPL,3220,242.156
AAPL_987,2026-09-13 15:01:03,AAPL,2560,213.797
AAPL_988,2026-09-14 09:54:08,AAPL,3281,204.343
AAPL_989,2026-09-15 12:50:53,AAPL,2401,211.672
AAPL_991,2026-09-17 13:25:26,AAPL,634,207.982
AAPL_992,2026-09-18 15:01:09,AAPL,323,225.152
AAPL_993,2026-09-19 12:47:48,AAPL,1297,245.339
AAPL_994,2026-09-20 10:40:01,AAPL,3147,241.875
AAPL_995,2026-09-21 14:21:21,AAPL,535,212.706
AAPL_996,2026-09-22 09:23:30,AAPL,1274,220.552
AAPL_997,2026-09-23 09:59:29,AAPL,3315,212.437
AAPL_998,2026-09-24 11:55:57,AAPL,2733,203.833
AAPL_999,2026-09-25 09:58:55,AAPL,2689,206.403
AAPL_1000,2026-09-26 15:57:03,AAPL,2398,241.494
AAPL_1001,2026-09-27 13:28:06,AAPL,697,236.0
AAPL_1002,2026-09-28 13:35:18,AAPL,3045,211.547
AAPL_1003,2026-09-29 11:26:53,AAPL,2908,227.682
AAPL_1004,2026-09-30 14:59:01,AAPL,4199,239.546
AAPL_1005,2026-10-01 14:09:45,AAPL,3172,231.242
AAPL_1006,2026-10-02 15:25:49,AAPL,1182,213.874
AAPL_1007,2026-10-03 13:39:33,AAPL,3562,208.934
AAPL_1008,2026-10-04 09:36:33,AAPL,999,225.116
AAPL_1009,2026-10-05 09:59:38,AAPL,1408,204.513
AAPL_1010,2026-10-06 13:04:38,AAPL,4594,215.31
AAPL_1011,2026-10-07 11:54:15,AAPL,4926,239.945
AAPL_1012,2026-10-08 12:10:34,AAPL,656,223.181
AAPL_1013,2026-10-09 13:01:02,AAPL,3177,247.01
AAPL_1014,2026-10-10 10:42:43,AAPL,1604,232.918
AAPL_1015,2026-10-11 14:17:00,AAPL,844,200.04
AAPL_1016,2026-10-12 09:22:16,AAPL,4850,240.447
AAPL_1018,2026-10-14 13:11:58,AAPL,2553,242.561
AAPL_1019,2026-10-15 15:46:13,AAPL,4605,210.687
AAPL_1020,2026-10-16 12:47:49,AAPL,4584,219.539
